2,3,1.6001,1.6464,0.68555
2,10,1.9543,1.976,1.5898
2,8,1.6001,1.6113,1.6955
2,10,1.9543,1.9876,0.6445
2,6,1.31,1.329,1.3176
2,5,1.9543,1.9641,1.5339
2,5,1.9543,1.9641,1.8779
2,7,1.4478,1.4584,1.4219
2,8,1.6001,1.6113,1.19
2,2,1.4478,1.4584,1.2859
2,2,1.4478,1.4584,1.2859
2,1,1.31,1.329,1.486
2,9,1.7683,1.7876,1.3979
2,6,1.31,1.3407,1.2619
2,1,1.31,1.329,1.2059
2,8,1.6001,1.6113,1.5339
2,8,1.6001,1.6347,1.5019
2,3,1.6001,1.6113,1.3259
2,7,1.4478,1.4584,1.3819
2,4,1.7683,1.7877,1.8699
2,3,1.6001,1.6115,1.4459
2,10,1.9543,1.9641,1.9179
2,8,1.6001,1.6113,1.9499
2,10,1.9543,1.9643,1.6219
2,6,1.31,1.329,1.2859
2,5,1.9543,1.9641,1.9979
2,5,1.9543,1.9641,1.7659
2,7,1.4478,1.4584,1.7659
2,8,1.6001,1.6114,1.6459
2,2,1.4478,1.4584,1.5579
2,2,1.4478,1.4584,1.478
2,1,1.31,1.3291,1.5579
2,9,1.7683,1.7877,1.6939
2,6,1.31,1.3291,1.4619
2,1,1.31,1.329,1.2539
2,8,1.6001,1.6113,1.902
2,8,1.6001,1.6113,2.03
2,3,1.6001,1.6113,1.4859
2,7,1.4478,1.482,1.9339
2,4,1.7683,1.7878,1.2539
2,6,1.31,1.329,1.3739
2,10,1.9543,1.9877,1.5019
2,3,1.6001,1.6112,1.6619
2,5,1.9543,1.9642,1.7819
2,7,1.4478,1.4819,1.6939
2,9,1.7683,1.7877,1.4459
2,3,1.6001,1.6113,1.6539
2,1,1.31,1.3291,1.4059
2,10,1.9543,1.9641,1.7019
2,4,1.7683,1.7877,1.902
2,2,1.4478,1.4584,1.3899
2,4,1.7683,1.7878,1.4219
2,5,1.9543,1.964,1.5899
2,9,1.7683,1.7876,1.7499
2,7,1.4478,1.4585,1.614
2,2,1.4478,1.4584,1.3339
2,9,1.7683,1.7877,1.4539
2,4,1.7683,1.7877,1.6699
2,1,1.31,1.329,1.6299
2,6,1.31,1.3291,0.85385
2,5,1.9543,1.9641,1.7979
2,3,1.6001,1.6114,1.8779
2,6,1.31,1.329,1.7019
2,10,1.9543,1.9641,2.4938
2,2,1.4478,1.4584,1.7979
2,6,1.31,1.329,1.3979
2,3,1.6001,1.6113,1.4619
2,3,1.6001,1.6114,1.9979
2,2,1.4478,1.4584,1.4939
2,7,1.4478,1.4584,1.5419
2,6,1.31,1.3289,1.5259
2,8,1.6001,1.6113,1.7179
2,8,1.6001,1.6113,1.5418
2,2,1.4478,1.4585,1.742
2,9,1.7683,1.7877,2.1258
2,7,1.4478,1.4584,1.7899
2,1,1.31,1.3289,1.5259
2,7,1.4478,1.4584,1.6299
2,9,1.7683,1.7877,1.7499
2,3,1.6001,1.6113,1.526
2,9,1.7683,1.7877,1.6539
2,10,1.9543,1.9641,1.686
2,4,1.7683,1.7877,1.6459
2,7,1.4478,1.4584,1.8539
2,1,1.31,1.329,1.6699
2,6,1.31,1.329,1.5819
2,8,1.6001,1.6113,1.838
2,4,1.7683,1.7877,2.0139
2,4,1.7683,1.7877,2.0779
2,1,1.31,1.329,1.4859
2,5,1.9543,1.9641,1.8779
2,8,1.6001,1.6113,0.35664
2,4,1.7683,1.7877,1.8459
2,5,1.9543,1.9641,2.2699
2,10,1.9543,1.9641,1.9579
2,1,1.31,1.329,1.5419
2,5,1.9543,1.9876,2.1499
2,9,1.7683,1.7877,1.8299
2,10,1.9543,1.9641,1.7019
2,2,1.4478,1.4584,1.8139
2,10,1.9543,1.9641,1.8379
2,8,1.6001,1.6113,1.5979
2,10,1.9543,1.9758,0.34989
2,6,1.31,1.329,1.4939
2,3,1.6001,1.6113,1.5258
2,5,1.9543,1.9641,1.9179
2,5,1.9543,1.9641,1.6459
2,9,1.7683,1.7876,1.9899
2,2,1.4478,1.4585,1.662
2,6,1.31,1.329,1.5179
2,5,1.9543,1.9641,1.8379
2,7,1.4478,1.4584,1.7099
2,2,1.4478,1.4584,1.5899
2,4,1.7683,1.7876,1.6939
2,6,1.31,1.329,1.4619
2,4,1.7683,1.7877,1.6859
2,1,1.31,1.329,1.622
2,9,1.7683,1.7877,1.9019
2,7,1.4478,1.4584,1.4059
2,4,1.7683,1.7877,1.678
2,10,1.9543,1.9641,1.8939
2,1,1.31,1.329,1.462
2,10,1.9543,1.964,1.382
2,6,1.31,1.329,1.5979
2,4,1.7683,1.7876,1.4379
2,1,1.31,1.3289,1.9019
2,9,1.7683,1.7877,1.5899
2,7,1.4478,1.4584,1.2779
2,5,1.9543,1.9641,1.9739
2,9,1.7683,1.7878,1.7099
2,2,1.4478,1.4584,1.566
2,1,1.31,1.329,1.3579
2,3,1.6001,1.6113,1.4219
2,3,1.6001,1.6113,1.3419
2,7,1.4478,1.4584,1.5979
2,8,1.6001,1.6113,1.5099
2,8,1.6001,1.6113,1.494
2,3,1.6001,1.6113,1.4698
2,2,1.4478,1.4584,1.326
2,8,1.6001,1.6113,1.438
2,6,1.31,1.329,1.3658
2,5,1.9543,1.9641,1.9099
2,8,1.6001,1.6113,1.4859
2,10,1.9543,1.9641,1.9179
2,10,1.9543,1.9641,1.7899
2,4,1.7683,1.7861,1.5339
2,5,1.9543,1.9641,1.7579
2,6,1.31,1.3289,1.9099
2,9,1.7683,1.7877,1.8699
2,9,1.7683,1.7877,1.7099
2,1,1.31,1.329,1.5739
2,8,1.6001,1.6113,1.6539
2,7,1.4478,1.4584,1.686
2,1,1.31,1.329,1.4379
2,4,1.7683,1.7877,1.5339
2,7,1.4478,1.4585,1.5899
2,5,1.9543,1.9641,1.6379
2,1,1.31,1.329,1.4459
2,9,1.7683,1.7876,1.3019
2,10,1.9543,1.9641,1.7899
2,7,1.4478,1.4584,1.3499
2,10,1.9543,1.9641,1.3659
2,7,1.4478,1.4585,1.4299
2,6,1.31,1.329,1.2219
2,2,1.4478,1.4584,1.35
2,6,1.31,1.3289,1.5176
2,4,1.7683,1.7875,1.5419
2,2,1.4478,1.4584,1.5339
2,3,1.6001,1.6113,1.47
2,3,1.6001,1.6113,1.6459
2,3,1.6001,1.6113,1.5499
2,2,1.4478,1.4584,1.6301
2,4,1.7683,1.7876,1.6299
2,9,1.7683,1.7876,1.6539
2,3,1.6001,1.6113,0.96592
2,1,1.31,1.329,1.4779
2,8,1.6001,1.6113,1.5819
2,5,1.9543,1.9641,2.3019
2,8,1.6001,1.6113,1.8379
2,2,1.4478,1.4584,1.5019
1,5,0.7328,0.75277,0.99795
1,7,0.54286,0.55277,0.5579
1,6,0.4912,0.50565,0.68592
1,3,0.59996,0.61155,0.57382
1,9,0.66306,0.68218,0.63793
1,3,0.59996,0.61158,0.68598
1,3,0.59996,0.61158,0.58194
1,8,0.59996,0.61157,0.66198
1,6,0.4912,0.50572,0.70189
1,10,0.7328,0.75273,0.50186
1,10,0.7328,0.7527,0.7419
1,4,0.66306,0.68213,0.69393
1,7,0.54286,0.55281,0.74988
1,4,0.66306,0.68218,0.58191
1,10,0.7328,0.75276,0.58996
1,1,0.4912,0.50571,0.56595
1,9,0.66306,0.68222,0.53398
1,10,0.7328,0.75271,0.66203
1,3,0.59996,0.61157,0.66194
1,1,0.4912,0.5057,0.64588
1,1,0.4912,0.50579,0.36589
1,2,0.54286,0.55277,0.50995
1,1,0.4912,0.50572,0.50191
1,9,0.66306,0.6821,0.58986
1,4,0.66306,0.68214,0.56588
1,6,0.4912,0.50575,0.50984
1,4,0.66306,0.68217,0.72592
1,7,0.54286,0.55278,0.64592
1,9,0.66306,0.68208,0.55001
1,8,0.59996,0.61156,0.6219
1,5,0.7328,0.7527,0.72598
1,8,0.59996,0.61157,0.758
1,5,0.7328,0.75264,0.86988
1,2,0.54286,0.55277,0.61392
1,7,0.54286,0.5528,0.70199
1,2,0.54286,0.55277,0.72592
1,5,0.7328,0.75268,0.6619
1,6,0.4912,0.50577,0.50985
1,8,0.59996,0.61158,0.69396
1,2,0.54286,0.55277,0.64597
1,1,0.4912,0.50581,0.67792
1,4,0.66306,0.68207,0.49393
1,9,0.66306,0.68212,0.86196
1,10,0.7328,0.7527,0.53397
1,6,0.4912,0.50574,0.49395
1,1,0.4912,0.50565,0.67788
1,2,0.54286,0.55276,0.54999
1,10,0.7328,0.75279,0.77401
1,7,0.54286,0.55282,0.68589
1,6,0.4912,0.50573,0.54988
1,10,0.7328,0.75271,0.6299
1,9,0.66306,0.68215,0.62193
1,8,0.59996,0.61157,0.63795
1,4,0.66306,0.68214,0.70195
1,7,0.54286,0.55275,0.61392
1,3,0.59996,0.61159,0.58993
1,6,0.4912,0.50571,0.58995
1,10,0.7328,0.75266,1.6417
1,2,0.54286,0.55277,0.61394
1,5,0.7328,0.75276,0.86191
1,6,0.4912,0.50576,0.39794
1,5,0.7328,0.75267,0.50996
1,1,0.4912,0.50576,0.60593
1,8,0.59996,0.61154,0.58999
1,3,0.59996,0.61158,0.61391
1,9,0.66306,0.68218,0.62192
1,8,0.59996,0.61158,0.60593
1,4,0.66306,0.68218,0.73398
1,2,0.54286,0.55278,0.66189
1,7,0.54286,0.55282,0.54194
1,5,0.7328,0.75268,0.6619
1,4,0.66306,0.68206,0.69398
1,9,0.66306,0.68217,0.65388
1,3,0.59996,0.61158,0.98188
1,8,0.59996,0.61159,0.69391
1,3,0.59996,0.61157,0.5019
1,2,0.54286,0.55281,0.62993
1,5,0.7328,0.75263,0.75789
1,1,0.4912,0.5057,0.57388
1,7,0.54286,0.55277,0.73392
1,1,0.4912,0.50572,0.54195
1,8,0.59996,0.61159,0.61392
1,10,0.7328,0.75269,0.83798
1,7,0.54286,0.55278,0.7339
1,9,0.66306,0.6821,0.5659
1,3,0.59996,0.61158,0.57399
1,2,0.54286,0.55275,0.69389
1,3,0.59996,0.61165,0.69389
1,5,0.7328,0.75271,0.71802
1,8,0.59996,0.6116,0.72591
1,6,0.4912,0.50572,0.70998
1,10,0.7328,0.75271,0.63796
1,9,0.66306,0.68213,0.70187
1,2,0.54286,0.55287,0.46196
1,4,0.66306,0.68211,0.57392
1,10,0.7328,0.75272,0.62193
1,1,0.4912,0.50573,0.61393
1,7,0.54286,0.55277,0.58195
1,1,0.4912,0.50575,0.59
1,4,0.66306,0.68214,0.6459
1,9,0.66306,0.68207,0.69391
1,5,0.7328,0.75264,0.71792
1,5,0.7328,0.75266,0.69394
1,6,0.4912,0.50572,0.67795
1,2,0.54286,0.55275,0.66991
1,7,0.54286,0.5528,0.71794
1,6,0.4912,0.50573,0.55789
1,1,0.4912,0.50573,0.60593
1,3,0.59996,0.61161,0.57396
1,8,0.59996,0.61161,0.61389
1,8,0.59996,0.61159,0.70995
1,7,0.54286,0.55277,0.58989
1,2,0.54286,0.55281,0.65388
1,6,0.4912,0.50576,0.63788
1,9,0.66306,0.68213,0.65393
1,3,0.59996,0.61157,0.70188
1,4,0.66306,0.68207,0.71789
1,5,0.7328,0.75265,0.65391
1,4,0.66306,0.68219,0.82193
1,10,0.7328,0.75274,0.7579
1,7,0.54286,0.55277,0.57394
1,3,0.59996,0.61157,0.58998
1,9,0.66306,0.68212,0.68592
1,3,0.59996,0.61163,0.68597
1,4,0.66306,0.68226,0.6299
1,5,0.7328,0.75273,0.71798
1,10,0.7328,0.75269,0.74997
1,2,0.54286,0.55277,0.72596
1,10,0.7328,0.75272,0.66191
1,3,0.59996,0.61158,0.59791
1,8,0.59996,0.61158,0.62191
1,2,0.54286,0.55278,0.65395
1,1,0.4912,0.50572,0.58196
1,3,0.59996,0.61161,0.62191
1,5,0.7328,0.75261,0.63793
1,1,0.4912,0.50573,0.69399
1,8,0.59996,0.61183,0.6539
1,6,0.4912,0.50583,0.6379
1,7,0.54286,0.55278,0.81389
1,2,0.54286,0.55277,0.59793
1,6,0.4912,0.50572,0.57396
1,10,0.7328,0.75272,0.58195
1,2,0.54286,0.55273,0.63787
1,9,0.66306,0.68215,0.63002
1,7,0.54286,0.55277,0.68598
1,4,0.66306,0.68213,0.62188
1,5,0.7328,0.75271,0.6859
1,8,0.59996,0.61155,0.72593
1,6,0.4912,0.50573,0.69393
1,10,0.7328,0.75268,0.86188
1,4,0.66306,0.68201,0.63785
1,4,0.66306,0.68207,1.0139
1,1,0.4912,0.50574,0.48591
1,1,0.4912,0.50581,0.4859
1,6,0.4912,0.50573,0.53393
1,8,0.59996,0.61157,0.5739
1,9,0.66306,0.68214,0.55798
1,5,0.7328,0.75267,0.46194
1,7,0.54286,0.55279,0.58986
1,9,0.66306,0.68214,0.53391
3,9,1.7683,1.7878,1.0219
3,10,1.9543,1.9642,1.238
3,8,1.6001,1.6114,1.8459
3,10,1.9543,1.9641,1.4379
3,10,1.9543,1.9641,1.4379
3,9,1.7683,1.7877,1.2619
3,4,0.66306,0.68215,0.5819
3,3,0.59996,0.61425,0.63791
3,5,0.7328,0.75276,0.662
3,7,1.4478,1.4584,1.1339
3,3,0.59996,0.61157,0.66993
3,6,1.31,1.329,1.1019
3,8,1.6001,1.6113,1.0539
3,2,0.54286,0.55274,0.71797
3,6,1.31,1.329,1.1979
3,4,0.66306,0.68216,0.86987
3,3,0.59996,0.61166,0.68598
3,7,1.4478,1.4584,1.5259
3,8,1.6001,1.6113,1.4539
3,2,0.54286,0.55276,0.6699
3,4,0.66306,0.68213,0.70197
3,9,1.7683,1.7877,1.39
3,2,0.54286,0.55277,0.72589
3,6,1.31,1.3289,1.15
3,10,1.9543,1.9641,1.35
3,1,0.4912,0.50573,0.52592
3,7,1.4478,1.4584,1.6939
3,4,0.66306,0.68214,0.53395
3,8,1.6001,1.6113,1.4299
3,9,1.7683,1.7876,1.4219
3,1,0.4912,0.50571,0.64595
3,7,1.4478,1.4584,1.238
3,1,0.4912,0.50573,0.58191
3,5,0.7328,0.75272,1.126
3,2,0.54286,0.55277,0.58192
3,3,0.59996,0.61154,0.598
3,5,0.7328,0.75273,0.7099
3,1,0.4912,0.50572,0.61391
3,6,1.31,1.3289,1.5339
3,5,0.7328,0.75267,0.86186
3,5,0.7328,0.7527,0.74199
3,9,1.7683,1.7877,0.92596
3,9,1.7683,1.7876,1.8139
3,5,0.7328,0.75263,0.90194
3,1,0.4912,0.50571,0.62993
3,10,1.9543,1.9641,1.414
3,8,1.6001,1.6113,1.2858
3,8,1.6001,1.6113,1.3099
3,9,1.7683,1.7878,1.854
3,10,1.9543,1.9641,1.5819
3,4,0.66306,0.68213,0.69395
3,3,0.59996,0.61167,0.9899
3,1,0.4912,0.50573,0.4459
3,5,0.7328,0.75268,0.65389
3,2,0.54286,0.55277,0.66187
3,6,1.31,1.3291,1.4779
3,10,1.9543,1.9641,1.59
3,2,0.54286,0.55279,0.70993
3,8,1.6001,1.6112,1.2619
3,3,0.59996,0.61158,0.61391
3,4,0.66306,0.68205,0.8059
3,6,1.31,1.329,1.4379
3,3,0.59996,0.61156,0.99791
3,2,0.54286,0.55274,0.67792
3,5,0.7328,0.75271,0.82992
3,7,1.4478,1.4584,1.1339
3,9,1.7683,1.7876,1.2939
3,7,1.4478,1.4584,1.1979
3,1,0.4912,0.50572,0.68595
3,7,1.4478,1.4584,1.694
3,7,1.4478,1.4584,1.4379
3,1,0.4912,0.50576,0.98992
3,6,1.31,1.329,1.0939
3,4,0.66306,0.68215,0.53394
3,3,0.59996,0.61158,0.66991
3,2,0.54286,0.55268,0.62992
3,6,1.31,1.329,0.76589
3,8,1.6001,1.6113,1.206
3,4,0.66306,0.68217,0.74998
3,10,1.9543,1.9642,1.07
3,2,0.54286,0.55278,0.8619
3,10,1.9543,1.9641,1.4299
3,3,0.59996,0.61159,0.91793
3,10,1.9543,1.9641,1.222
3,9,1.7683,1.7878,1.3179
3,2,0.54286,0.55278,0.86201
3,3,0.59996,0.61158,0.61396
3,10,1.9543,1.9641,1.918
3,6,1.31,1.329,1.5739
3,9,1.7683,1.7877,0.86193
3,6,1.31,1.329,1.3179
3,8,1.6001,1.6113,1.102
3,1,0.4912,0.50578,0.41397
3,1,0.4912,0.50573,0.50997
3,1,0.4912,0.50577,0.51
3,3,0.59996,0.61158,0.60588
3,1,0.4912,0.50573,0.60594
3,5,0.7328,0.75272,0.67791
3,3,0.59996,0.61158,0.69395
3,5,0.7328,0.7527,0.6619
3,5,0.7328,0.75264,0.71792
3,7,1.4478,1.4584,1.4139
3,6,1.31,1.329,1.4858
3,8,1.6001,1.6113,1.406
3,6,1.31,1.3289,1.398
3,9,1.7683,1.788,1.0539
3,2,0.54286,0.55275,0.7339
3,4,0.66306,0.68215,0.66192
3,8,1.6001,1.6113,1.334
3,8,1.6001,1.6112,1.1979
3,2,0.54286,0.55277,0.67796
3,7,1.4478,1.4584,1.262
3,10,1.9543,1.9641,1.4939
3,4,0.66306,0.68215,0.84589
3,5,0.7328,0.75278,0.7739
3,7,1.4478,1.4583,1.3179
3,4,0.66306,0.68213,0.782
3,4,0.66306,0.68214,0.73386
3,7,1.4478,1.4584,1.6139
3,9,1.7683,1.7877,2.0859
3,8,1.6001,1.6113,1.2619
3,4,0.66306,0.68213,1.0379
3,7,1.4478,1.4584,1.1579
3,10,1.9543,1.9641,1.3579
3,4,0.66306,0.68213,0.78194
3,1,0.4912,0.50572,0.54987
3,3,0.59996,0.61159,0.58988
3,7,1.4478,1.4584,1.4619
3,4,0.66306,0.68211,0.62982
3,8,1.6001,1.6113,1.4299
3,8,1.6001,1.6114,1.2059
3,9,1.7683,1.7876,1.3899
3,10,1.9543,1.9641,1.3499
3,1,0.4912,0.50572,0.59793
3,5,0.7328,0.75263,0.63791
3,6,1.31,1.3291,1.0539
3,6,1.31,1.329,1.2379
3,10,1.9543,1.9641,1.766
3,8,1.6001,1.6113,1.0859
3,1,0.4912,0.50576,0.59802
3,5,0.7328,0.7527,0.66995
3,2,0.54286,0.55277,0.66989
3,5,0.7328,0.75275,0.75794
3,6,1.31,1.329,0.93389
3,2,0.54286,0.55277,0.62995
3,3,0.59996,0.61159,0.5739
3,9,1.7683,1.7877,1.582
3,2,0.54286,0.55285,0.71793
3,5,0.7328,0.75287,0.68589
3,10,1.9543,1.9641,1.5259
3,9,1.7683,1.7877,1.5579
3,6,1.31,1.329,1.4379
3,3,0.59996,0.61158,0.90221
3,7,1.4478,1.4584,1.4859
3,3,0.59996,0.61158,0.52593
3,1,0.4912,0.50572,0.62999
3,9,1.7683,1.7877,1.3659
3,2,0.54286,0.55278,0.54991
3,7,1.4478,1.4584,1.5259
3,4,0.66306,0.68215,0.68591
