2,2,1.427,1.4346,0.70888
2,10,2.4,2.4119,1.8034
2,9,2.0182,2.0232,1.6057
2,1,1.2,1.1999,1.4168
2,3,1.6971,1.7058,1.7303
2,2,1.427,1.4353,1.293
2,9,2.0182,2.0234,1.7784
2,7,1.427,1.4352,1.6891
2,9,2.0182,2.0234,1.7196
2,8,1.6971,1.7057,2.0511
2,4,2.0182,2.0234,1.6957
2,7,1.427,1.4352,1.1678
2,3,1.6971,1.7058,1.5118
2,8,1.6971,1.7058,1.3972
2,3,1.6971,1.7057,1.3624
2,8,1.6971,1.7058,1.9567
2,10,2.4,2.3999,2.1998
2,3,1.6971,1.7058,1.3345
2,1,1.2,1.1999,1.001
2,5,2.4,2.3999,1.8037
2,2,1.427,1.4353,1.4807
2,10,2.4,2.3999,2.2687
2,9,2.0182,2.0234,2.2728
2,1,1.2,1.1999,1.0115
2,3,1.6971,1.7057,1.4358
2,2,1.427,1.4353,1.3337
2,9,2.0182,2.0234,1.5432
2,7,1.427,1.4352,1.4659
2,9,2.0182,2.0234,2.185
2,8,1.6971,1.7058,1.7493
2,4,2.0182,2.0235,1.491
2,7,1.427,1.4352,1.5225
2,3,1.6971,1.7059,2.2699
2,8,1.6971,1.7058,1.783
2,3,1.6971,1.7058,1.926
2,8,1.6971,1.7058,1.46
2,10,2.4,2.3999,1.95
2,3,1.6971,1.7058,1.8248
2,1,1.2,1.1999,1.1888
2,5,2.4,2.3999,2.023
2,6,1.2,1.1999,1.1034
2,9,2.0182,2.0234,1.5642
2,10,2.4,2.3999,1.8873
2,2,1.427,1.4352,1.6162
2,5,2.4,2.3999,1.7519
2,7,1.427,1.4352,1.6894
2,5,2.4,2.3998,2.1852
2,6,1.2,1.1999,0.56217
2,1,1.2,1.1999,1.1474
2,2,1.427,1.4352,1.0744
2,4,2.0182,2.0234,1.8666
2,7,1.427,1.4352,1.4577
2,8,1.6971,1.7058,1.5121
2,4,2.0182,2.0234,1.3037
2,6,1.2,1.1999,1.3142
2,4,2.0182,2.0234,1.5746
2,6,1.2,1.1999,1.6267
2,5,2.4,2.3998,2.7737
2,10,2.4,2.3999,2.1899
2,1,1.2,1.1999,1.314
2,4,2.0182,2.0234,2.1378
2,4,2.0182,2.0234,2.096
2,3,1.6971,1.7057,1.5954
2,5,2.4,2.3998,1.8249
2,2,1.427,1.4352,1.1577
2,4,2.0182,2.0234,2.1031
2,5,2.4,2.3999,1.9605
2,10,2.4,2.3998,2.6174
2,1,1.2,1.1999,1.1889
2,9,2.0182,2.0234,1.7103
2,8,1.6971,1.7058,2.6173
2,8,1.6971,1.7058,1.585
2,2,1.427,1.4352,1.5954
2,2,1.427,1.4352,1.4391
2,3,1.6971,1.7058,1.5748
2,9,2.0182,2.0234,2.7216
2,10,2.4,2.3997,2.2734
2,9,2.0182,2.0234,1.8561
2,6,1.2,1.2,1.1369
2,10,2.4,2.3999,1.9083
2,3,1.6971,1.7058,1.7625
2,8,1.6971,1.7058,2.1589
2,1,1.2,1.1999,1.6266
2,7,1.427,1.4352,1.6157
2,5,2.4,2.3999,2.4505
2,5,2.4,2.3999,2.2003
2,7,1.427,1.4352,1.3839
2,1,1.2,1.2,1.0848
2,2,1.427,1.4352,2.1584
2,6,1.2,1.1999,1.4456
2,7,1.427,1.4352,1.7831
2,7,1.427,1.4352,1.3557
2,9,2.0182,2.0234,1.7102
2,10,2.4,2.3998,2.2838
2,3,1.6971,1.7058,2.4192
2,6,1.2,1.1999,2.2419
2,1,1.2,1.1999,1.1264
2,6,1.2,1.1999,1.3661
2,8,1.6971,1.7058,1.856
2,4,2.0182,2.0233,2.1649
2,3,1.6971,1.7057,2.1376
2,4,2.0182,2.0234,1.7937
2,9,2.0182,2.0234,2.1794
2,3,1.6971,1.7058,1.5121
2,2,1.427,1.4353,1.1055
2,1,1.2,1.1999,1.3976
2,10,2.4,2.3999,2.5861
2,3,1.6971,1.7058,1.7908
2,8,1.6971,1.7057,1.4453
2,6,1.2,1.1999,1.1265
2,9,2.0182,2.0234,1.5505
2,5,2.4,2.3999,1.9501
2,7,1.427,1.4352,1.5299
2,9,2.0182,2.0235,2.4092
2,8,1.6971,1.7058,2.0008
2,9,2.0182,2.0235,2.0021
2,2,1.427,1.4354,1.8508
2,7,1.427,1.4352,1.8457
2,4,2.0182,2.0234,2.0733
2,5,2.4,2.3999,2.336
2,7,1.427,1.4352,1.7938
2,1,1.2,1.1999,1.3557
2,6,1.2,1.2,1.6998
2,10,2.4,2.3999,2.3251
2,1,1.2,1.2,1.5015
2,5,2.4,2.3998,2.3045
2,2,1.427,1.4352,1.6684
2,2,1.427,1.4352,1.6998
2,8,1.6971,1.7058,1.5226
2,10,2.4,2.3998,2.0022
2,6,1.2,1.1999,1.6374
2,7,1.427,1.4352,1.5539
2,5,2.4,2.3999,2.5342
2,3,1.6971,1.7057,1.8667
2,10,2.4,2.3998,2.0959
2,4,2.0182,2.0234,1.9606
2,6,1.2,1.1999,1.1161
2,4,2.0182,2.0234,1.6165
2,1,1.2,1.2,1.1994
2,8,1.6971,1.7058,1.533
2,4,2.0182,2.0234,1.643
2,4,2.0182,2.0234,1.4604
2,10,2.4,2.3998,1.8877
2,2,1.427,1.4353,1.9282
2,7,1.427,1.4352,1.9032
2,6,1.2,1.1999,1.3144
2,2,1.427,1.4353,1.9605
2,5,2.4,2.3999,2.5217
2,8,1.6971,1.7058,1.6028
2,3,1.6971,1.7058,1.447
2,9,2.0182,2.0234,1.6647
2,2,1.427,1.4352,1.4808
2,1,1.2,1.1997,1.4498
2,10,2.4,2.3998,2.0227
2,3,1.6971,1.7058,1.8459
2,3,1.6971,1.7059,2.0752
2,7,1.427,1.4352,1.9918
2,10,2.4,2.3999,2.1584
2,4,2.0182,2.0234,2.0229
2,10,2.4,2.3999,2.0755
2,9,2.0182,2.0235,1.8877
2,4,2.0182,2.0234,2.3986
2,5,2.4,2.3998,2.607
2,3,1.6971,1.7058,1.8355
2,8,1.6971,1.7058,1.6792
2,1,1.2,1.1999,1.606
2,8,1.6971,1.7058,1.8041
2,6,1.2,1.1999,0.95958
2,2,1.427,1.4352,1.6061
2,5,2.4,2.3998,1.7192
2,7,1.427,1.4352,1.8355
2,1,1.2,1.1999,1.7834
2,9,2.0182,2.0234,2.0284
2,6,1.2,1.2,1.5724
2,5,2.4,2.3999,1.9161
2,1,1.2,1.1999,1.2904
2,6,1.2,1.2,1.8003
2,8,1.6971,1.7058,1.7311
2,9,2.0182,2.0234,1.9571
2,7,1.427,1.4352,1.4601
1,8,0.56569,0.57648,1.0117
1,4,0.67272,0.68233,0.83451
1,1,0.4,0.40001,0.60515
1,4,0.67272,0.68229,0.85533
1,8,0.56569,0.57641,0.78258
1,9,0.67272,0.68241,0.78925
1,9,0.67272,0.68232,0.82403
1,6,0.4,0.39999,0.39574
1,8,0.56569,0.57642,0.68394
1,3,0.56569,0.57642,0.678
1,7,0.47568,0.48238,0.60503
1,4,0.67272,0.68236,0.79273
1,6,0.4,0.4,0.43833
1,6,0.4,0.39996,0.52155
1,8,0.56569,0.5764,0.66655
1,5,0.8,0.8,0.78226
1,7,0.47568,0.48232,0.59954
1,5,0.8,0.79996,0.65279
1,10,0.8,0.79993,1.0116
1,2,0.47568,0.48238,0.77199
1,5,0.8,0.79995,0.74068
1,10,0.8,0.79996,0.64861
1,5,0.8,0.79992,0.92068
1,3,0.56569,0.57643,0.91776
1,10,0.8,0.79999,0.81362
1,2,0.47568,0.48233,0.64329
1,6,0.4,0.40003,0.31304
1,1,0.4,0.39999,0.50904
1,2,0.47568,0.48232,0.64615
1,1,0.4,0.39999,0.43779
1,9,0.67272,0.6824,0.78234
1,10,0.8,0.79998,0.68852
1,3,0.56569,0.57644,0.87632
1,3,0.56569,0.57646,0.55296
1,4,0.67272,0.6823,0.67387
1,9,0.67272,0.68232,0.76154
1,2,0.47568,0.48232,0.49056
1,1,0.4,0.39977,0.52171
1,7,0.47568,0.4823,0.34405
1,7,0.47568,0.48228,0.61575
1,3,0.56569,0.57638,0.58435
1,3,0.56569,0.57648,0.6989
1,1,0.4,0.39997,0.39978
1,2,0.47568,0.48221,0.2796
1,5,0.8,0.79992,0.90751
1,4,0.67272,0.68228,0.88671
1,9,0.67272,0.68229,0.99079
1,7,0.47568,0.48228,0.79287
1,3,0.56569,0.5764,0.73017
1,8,0.56569,0.57647,0.64701
1,6,0.4,0.39996,0.73042
1,1,0.4,0.4,0.54259
1,5,0.8,0.79994,0.83446
1,9,0.67272,0.68239,0.76158
1,5,0.8,0.79999,0.88521
1,6,0.4,0.39996,0.57387
1,7,0.47568,0.48235,0.57389
1,5,0.8,0.79996,0.86584
1,7,0.47568,0.48235,0.67574
1,8,0.56569,0.57644,0.87627
1,2,0.47568,0.48238,0.50098
1,8,0.56569,0.57649,0.43831
1,10,0.8,0.79994,0.71981
1,10,0.8,0.79992,0.7824
1,4,0.67272,0.6823,0.86571
1,2,0.47568,0.48233,0.78228
1,2,0.47568,0.48227,0.56338
1,9,0.67272,0.68237,0.77195
1,6,0.4,0.40004,0.41756
1,8,0.56569,0.57642,0.67815
1,1,0.4,0.39995,0.71981
1,4,0.67272,0.68231,0.69895
1,4,0.67272,0.68236,0.70941
1,9,0.67272,0.68233,0.71974
1,6,0.4,0.39999,0.38616
1,3,0.56569,0.57648,0.67807
1,7,0.47568,0.48232,0.6259
1,1,0.4,0.39994,0.51118
1,10,0.8,0.79996,0.85345
1,10,0.8,0.79995,0.8008
1,1,0.4,0.39998,0.22969
1,7,0.47568,0.48229,0.52163
1,3,0.56569,0.57644,0.67801
1,1,0.4,0.39995,0.42769
1,2,0.47568,0.48235,0.63486
1,10,0.8,0.79995,0.70591
1,9,0.67272,0.6823,0.8015
1,4,0.67272,0.68228,0.65995
1,10,0.8,0.79987,0.95949
1,10,0.8,0.79999,1.0325
1,5,0.8,0.79996,0.95807
1,6,0.4,0.39998,0.37624
1,1,0.4,0.39996,0.33197
1,4,0.67272,0.68237,0.8136
1,6,0.4,0.39998,0.41739
1,9,0.67272,0.68233,0.60511
1,2,0.47568,0.48234,0.44059
1,1,0.4,0.39999,0.71301
1,7,0.47568,0.48233,0.73997
1,4,0.67272,0.68234,0.75114
1,6,0.4,0.40002,0.47891
1,2,0.47568,0.48232,0.57393
1,9,0.67272,0.68236,0.78251
1,5,0.8,0.79995,0.67786
1,5,0.8,0.79996,0.98789
1,8,0.56569,0.57644,0.61155
1,7,0.47568,0.48231,0.59468
1,9,0.67272,0.68232,0.91794
1,6,0.4,0.39998,0.46916
1,8,0.56569,0.57645,0.56338
1,8,0.56569,0.57636,0.60514
1,3,0.56569,0.57647,0.63639
1,8,0.56569,0.57639,0.54265
1,3,0.56569,0.57644,0.46956
1,10,0.8,0.79999,0.59289
1,7,0.47568,0.48234,0.6664
1,3,0.56569,0.57648,0.66769
1,4,0.67272,0.68227,0.64668
1,2,0.47568,0.48238,0.73841
1,5,0.8,0.79992,0.6782
1,10,0.8,0.79995,0.78243
1,2,0.47568,0.48235,0.91789
1,5,0.8,0.80001,0.77189
1,4,0.67272,0.68229,0.83441
1,1,0.4,0.39994,0.52169
1,3,0.56569,0.57642,0.55293
1,8,0.56569,0.57642,0.71972
1,7,0.47568,0.48225,0.62601
1,3,0.56569,0.57642,0.6363
1,7,0.47568,0.48232,0.58437
1,5,0.8,0.79994,0.62936
1,5,0.8,0.80002,0.69896
1,9,0.67272,0.68229,0.65212
1,6,0.4,0.40003,0.76134
1,4,0.67272,0.68235,0.68852
1,2,0.47568,0.48242,0.61553
1,3,0.56569,0.57645,0.81374
1,7,0.47568,0.48248,0.6363
1,10,0.8,0.79993,0.60506
1,8,0.56569,0.57649,0.48001
1,6,0.4,0.39994,0.35482
1,8,0.56569,0.57642,0.6763
1,8,0.56569,0.5765,0.77197
1,9,0.67272,0.68237,0.60506
1,10,0.8,0.79999,0.60408
1,9,0.67272,0.68226,0.80316
1,2,0.47568,0.48236,0.60718
1,7,0.47568,0.48238,0.45541
1,5,0.8,0.79984,0.80317
1,4,0.67272,0.68235,0.7302
1,9,0.67272,0.68231,0.83439
1,3,0.56569,0.57648,0.87615
1,1,0.4,0.39997,0.61571
1,10,0.8,0.79999,0.7406
1,1,0.4,0.4,0.3758
1,1,0.4,0.39997,0.43707
1,6,0.4,0.39998,0.86592
1,6,0.4,0.39994,0.65531
1,2,0.47568,0.48226,0.42792
1,4,0.67272,0.68234,0.7777
3,2,0.47568,0.48237,0.56345
3,8,1.6971,1.7058,1.2515
3,9,2.0182,2.0234,1.3443
3,6,1.2,1.1999,1.627
3,9,2.0182,2.0234,1.5749
3,7,1.427,1.4352,1.6375
3,4,0.67272,0.68244,0.65724
3,8,1.6971,1.7058,1.7626
3,8,1.6971,1.7058,1.7625
3,3,0.56569,0.57658,0.56346
3,4,0.67272,0.68233,0.72998
3,1,0.4,0.39992,0.53208
3,10,2.4,2.3998,1.9711
3,5,0.8,0.79996,0.80325
3,4,0.67272,0.68239,0.78244
3,10,2.4,2.3998,2.3881
3,10,2.4,2.3998,2.461
3,4,0.67272,0.68232,0.71973
3,5,0.8,0.79996,0.74069
3,6,1.2,1.1999,1.168
3,10,2.4,2.3999,2.239
3,8,1.6971,1.7058,1.8669
3,5,0.8,0.79998,0.74062
3,9,2.0182,2.0234,1.9606
3,3,0.56569,0.57648,0.65721
3,5,0.8,0.79996,0.8449
3,3,0.56569,0.5765,0.78221
3,2,0.47568,0.48236,0.62603
3,2,0.47568,0.4823,0.5407
3,7,1.427,1.4352,1.5531
3,7,1.427,1.4353,1.679
3,9,2.0182,2.0234,1.7207
3,1,0.4,0.39993,0.38623
3,6,1.2,1.1999,1.6374
3,1,0.4,0.39997,0.50086
3,1,0.4,0.39994,0.50792
3,2,0.47568,0.48232,0.43716
3,6,1.2,1.1999,1.2307
3,3,0.56569,0.57647,0.62603
3,7,1.427,1.4353,1.6373
3,10,2.4,2.3999,1.9607
3,10,2.4,2.3999,2.2397
3,9,2.0182,2.0233,2.3883
3,3,0.56569,0.57642,0.81371
3,7,1.427,1.4353,1.5541
3,3,0.56569,0.57645,0.52181
3,3,0.56569,0.57643,0.77182
3,8,1.6971,1.7058,2.0962
3,5,0.8,0.79996,0.89704
3,9,2.0182,2.0235,2.0544
3,6,1.2,1.2,1.3455
3,1,0.4,0.39995,0.56337
3,9,2.0182,2.0234,1.2933
3,2,0.47568,0.48237,0.57404
3,4,0.67272,0.68235,0.75115
3,5,0.8,0.79994,0.69908
3,5,0.8,0.79994,0.73041
3,6,1.2,1.1999,1.4051
3,8,1.6971,1.7057,1.6481
3,1,0.4,0.39996,0.34451
3,7,1.427,1.4352,1.6583
3,4,0.67272,0.6823,0.49045
3,3,0.56569,0.57641,0.61546
3,2,0.47568,0.48232,0.6677
3,6,1.2,1.1999,1.1057
3,4,0.67272,0.68238,0.58441
3,8,1.6971,1.7058,1.533
3,10,2.4,2.3998,2.0232
3,1,0.4,0.4,0.34353
3,7,1.427,1.4352,1.773
3,9,2.0182,2.0234,2.023
3,2,0.47568,0.48232,0.52165
3,4,0.67272,0.68231,0.70731
3,1,0.4,0.40001,0.41612
3,2,0.47568,0.48237,0.50748
3,10,2.4,2.3999,2.628
3,7,1.427,1.4351,1.7103
3,5,0.8,0.79991,0.77209
3,8,1.6971,1.7057,1.355
3,6,1.2,1.2,1.6272
3,9,2.0182,2.0234,2.19
3,6,1.2,1.2,1.4786
3,6,1.2,1.2,1.1788
3,5,0.8,0.79994,0.80091
3,3,0.56569,0.57643,0.66752
3,2,0.47568,0.48234,0.6033
3,5,0.8,0.79989,0.73551
3,7,1.427,1.4353,1.2934
3,5,0.8,0.79997,1.4161
3,1,0.4,0.40001,0.40704
3,8,1.6971,1.7058,1.5228
3,2,0.47568,0.48232,0.62602
3,1,0.4,0.39999,0.83461
3,9,2.0182,2.0234,2.3779
3,10,2.4,2.3998,2.4403
3,2,0.47568,0.48238,0.55303
3,7,1.427,1.4352,1.7835
3,9,2.0182,2.0234,1.7836
3,8,1.6971,1.7057,1.6166
3,10,2.4,2.3999,2.2913
3,6,1.2,1.1998,0.92558
3,1,0.4,0.39991,0.79292
3,4,0.67272,0.68236,0.73026
3,10,2.4,2.3998,2.4042
3,5,0.8,0.7999,0.9158
3,3,0.56569,0.57647,0.78237
3,4,0.67272,0.68229,0.56347
3,7,1.427,1.4352,1.7627
3,8,1.6971,1.7058,1.6996
3,6,1.2,1.2,1.3247
3,4,0.67272,0.68235,0.65736
3,1,0.4,0.39999,0.67815
3,3,0.56569,0.57649,0.62594
3,10,2.4,2.3998,2.7842
3,3,0.56569,0.57653,0.86581
3,2,0.47568,0.48237,0.46964
3,9,2.0182,2.0234,1.8566
3,4,0.67272,0.68228,0.64661
3,8,1.6971,1.7058,1.7731
3,7,1.427,1.4352,1.3006
3,3,0.56569,0.57641,0.80335
3,3,0.56569,0.57651,0.7302
3,1,0.4,0.39998,0.41744
3,8,1.6971,1.7058,1.7418
3,7,1.427,1.4352,1.5749
3,10,2.4,2.3999,2.4812
3,4,0.67272,0.68235,0.501
3,9,2.0182,2.0234,2.0236
3,10,2.4,2.3999,1.8773
3,5,0.8,0.79997,0.79293
3,10,2.4,2.3999,2.9494
3,9,2.0182,2.0234,2.086
3,8,1.6971,1.7058,1.8116
3,2,0.47568,0.48237,0.50086
3,9,2.0182,2.0234,1.9503
3,4,0.67272,0.68233,0.49047
3,3,0.56569,0.57639,0.67812
3,5,0.8,0.79999,0.66762
3,6,1.2,1.1999,1.21
3,1,0.4,0.39994,0.43837
3,7,1.427,1.4352,1.0118
3,7,1.427,1.4352,1.6895
3,5,0.8,0.7999,1.0118
3,7,1.427,1.4352,1.6144
3,3,0.56569,0.57647,0.90737
3,4,0.67272,0.68229,0.82246
3,6,1.2,1.1999,1.3422
3,10,2.4,2.3999,2.3951
3,5,0.8,0.7999,1.4602
3,8,1.6971,1.7057,1.8742
3,2,0.47568,0.48234,0.48891
3,1,0.4,0.39996,0.80936
3,9,2.0182,2.0234,1.5434
3,2,0.47568,0.48236,0.58311
3,6,1.2,1.1999,1.0952
3,4,0.67272,0.68231,1.0847
3,6,1.2,1.1999,1.3323
3,2,0.47568,0.48232,0.46955
3,1,0.4,0.39991,0.48017
3,8,1.6971,1.7058,1.5643
